9.999999999999998890e-01 0.000000000000000000e+00 3.049318610115481221e-19 0.000000000000000000e+00 1.734723475976807094e-18 1.000000000000000000e+00 0.000000000000000000e+00 1.387778780781445676e-17 -2.032879073410320814e-20 0.000000000000000000e+00 1.000000000000000000e+00 0.000000000000000000e+00
9.999999035641449208e-01 -3.962888185584118733e-04 -1.892811100222936498e-04 1.065978961661534150e-02 3.964279057646191012e-04 9.999996510691138152e-01 7.353269169142456069e-04 -2.197085282390974503e-02 1.889896461354451183e-04 -7.354018889719048796e-04 9.999997117336592023e-01 1.348332301280193102e+00
9.999992955215383228e-01 -1.186723583754004108e-03 -2.541085356544346674e-05 -4.209519882147435069e-03 1.186744163608356023e-03 9.999989551953765154e-01 8.253751160646220428e-04 -3.805173681956645904e-02 2.443133621222593063e-05 -8.254046975632875829e-04 9.999996590551464282e-01 2.623168396694245175e+00
9.999985032781304461e-01 -1.694603199993090052e-03 -3.489471499354540856e-04 -9.216597362274567967e-03 1.694788351511224665e-03 9.999984228897288441e-01 5.309494069172752267e-04 -7.261812895560332271e-02 3.480468577407463439e-04 -5.315400078162411945e-04 9.999997981645849521e-01 3.960593910688599006e+00
9.999977075503763135e-01 -2.139654538078175280e-03 8.231942315162197352e-05 -1.448502029333911638e-02 2.139621202661308279e-03 9.999976297434712835e-01 4.031433260514045297e-04 -8.980807083053636564e-02 -8.318181632133498011e-05 -4.029662716069533357e-04 9.999999153494657511e-01 5.290424540239957452e+00
9.999968845934233963e-01 -2.480424236688717407e-03 -2.798270873903459526e-04 -1.463397924544408354e-02 2.480684118925506956e-03 9.999964886364834937e-01 9.321567807352854063e-04 -1.057247607625129981e-01 2.775139664754803321e-04 -9.328480463886741625e-04 9.999995263904460918e-01 6.584136136581199672e+00
9.999930686352175302e-01 -3.720477885579552210e-03 -1.439874765268404910e-04 -1.975478290237609597e-02 3.720762004515872773e-03 9.999910260616436952e-01 2.025763821619357488e-03 -1.399306697473440553e-01 1.364493795246525033e-04 -2.026285539580832337e-03 9.999979377724412810e-01 7.936477184838622634e+00
9.999929626352193068e-01 -3.747199183919001225e-03 -1.821671651703963819e-04 -2.359234439843166387e-02 3.747606580045256298e-03 9.999903560531028246e-01 2.289811863721416541e-03 -1.552029543906058850e-01 1.735850327350929286e-04 -2.290478458928344417e-03 9.999973617852403462e-01 9.275531544058706501e+00
9.999950705965031661e-01 -3.122033692876741845e-03 -3.342058371308406837e-04 -3.652364987207951802e-02 3.122529934039213785e-03 9.999940078510298758e-01 1.494678165310331548e-03 -1.806976710483398918e-01 3.295374063485400208e-04 -1.495714377029118414e-03 9.999988271215125568e-01 1.057493658385160984e+01
9.999997287082249553e-01 -6.595758789087313029e-04 -3.279388525211468335e-04 -4.803199861791444814e-02 6.593395765881271756e-04 9.999995233127225713e-01 -7.201698271398901050e-04 -2.066362862556770374e-01 3.284137079332367188e-04 7.199534154757091312e-04 9.999996869058668247e-01 1.193188895095094537e+01
9.999978486245388876e-01 2.034252902720965969e-03 -4.056563217559738680e-04 -6.202095422826311988e-02 -2.035027507749810963e-03 9.999960894184197757e-01 -1.918284412063565696e-03 -2.283185419214448508e-01 4.017524647370817291e-04 1.919105822724732902e-03 9.999980778121495550e-01 1.329374912360418293e+01
9.999878282790035655e-01 4.922036939006078915e-03 -3.418134379246947729e-04 -7.540198455831925717e-02 -4.922704371977013396e-03 9.999859233765439059e-01 -1.979909120989093059e-03 -2.562753287798224533e-01 3.320634439216828423e-04 1.981567683040502681e-03 9.999979815596993227e-01 1.460969917608717239e+01
9.999841639747846234e-01 5.626237462956689556e-03 1.313056628581771106e-04 -8.505594468192173574e-02 -5.626064481026352496e-03 9.999833506706617969e-01 -1.282883807841772063e-03 -2.880605936351566809e-01 -1.385212898134020204e-04 1.282124765895197895e-03 9.999991684833985373e-01 1.597201715165856761e+01
9.999930587761109990e-01 3.722733887879242989e-03 1.537699944371067413e-04 -8.490368371360780542e-02 -3.722897371387111354e-03 9.999924903165727796e-01 1.076732269436085805e-03 -3.143050701641653677e-01 -1.497604539490953845e-04 -1.077297277881638336e-03 9.999994085010293077e-01 1.732962539983573080e+01
9.999997572526340139e-01 -3.917567746723835814e-04 5.762142216685630855e-04 -8.780961837416621785e-02 3.899524861932669034e-04 9.999950315250698551e-01 3.128076208522524802e-03 -3.391907499955815197e-01 -5.774368108756471919e-04 -3.127850780959828218e-03 9.999949415452865642e-01 1.866430883547682740e+01
9.999969293207963128e-01 -2.465474254875859618e-03 -2.505790027431596635e-04 -9.025835295293986593e-02 2.465856601614837586e-03 9.999957784452098153e-01 1.537087546516204169e-03 -3.721170490422687771e-01 2.467883010933426507e-04 -1.537700731131703275e-03 9.999987872856094251e-01 2.002821861194811248e+01
9.999953935528274052e-01 -3.028285516876681564e-03 2.058294720376480753e-04 -9.290541880791378104e-02 3.028455332719317585e-03 9.999950700373493317e-01 -8.296709769905598678e-04 -3.898995737668186079e-01 -2.033159806696495180e-04 8.302905104621673485e-04 9.999996346398468683e-01 2.138886910821686627e+01
9.999994295577667724e-01 -9.581983250242526867e-04 4.719560738187374106e-04 -1.024702617314188768e-01 9.591328624336909955e-04 9.999975721128685491e-01 -1.983892923498081079e-03 -4.443594476237592295e-01 -4.700539749614134218e-04 1.984344479727039208e-03 9.999979207104434664e-01 2.275200409033725890e+01
9.999984257034363333e-01 1.165570806198513651e-03 1.337921905019248073e-03 -1.121441156598526750e-01 -1.164167820085623348e-03 9.999987722208407703e-01 -1.048938737654742104e-03 -4.371482860780467328e-01 -1.339142898995326946e-03 1.047379530733307321e-03 9.999985548441344685e-01 2.410450782899198785e+01
9.999970757345663097e-01 1.156647370002112513e-03 2.123838489643733399e-03 -1.181471416833980020e-01 -1.163431980873997837e-03 9.999942158330347164e-01 3.196048793770272112e-03 -4.551601119311793342e-01 -2.120129537451589420e-03 -3.198510417543311019e-03 9.999926372627491178e-01 2.549101340836177698e+01
9.999978552914408070e-01 -4.672714443663900444e-04 2.017690150070632505e-03 -1.133481842613005830e-01 4.586142383623745267e-04 9.999906970827474595e-01 4.288988112071231290e-03 -4.789800940046152755e-01 -2.019675532297292037e-03 -4.288053609223655901e-03 9.999887666895456162e-01 2.685950767161990527e+01
9.999894882067305035e-01 -4.023729154939164991e-03 2.198428995477805757e-03 -1.165007295865805731e-01 4.015809703918619099e-03 9.999854746759255786e-01 3.594954997020760254e-03 -5.271226776026179950e-01 -2.212862222390271898e-03 -3.586088763190301617e-03 9.999911215635880479e-01 2.823657406521350310e+01
9.999873486781988285e-01 -4.643583917077852632e-03 1.933810492620040029e-03 -1.214391361256113716e-01 4.641928667370605853e-03 9.999888567416698182e-01 8.595825375177926567e-04 -5.262644503939661877e-01 -1.937780519586575212e-03 -8.505950550646854472e-04 9.999977607436111304e-01 2.958418171412879616e+01
9.999854990088432594e-01 -4.493752627921369577e-03 2.967822690612994911e-03 -1.235272735207045836e-01 4.496106683463358539e-03 9.999895827807887549e-01 -7.869857651087580619e-04 -5.771332790931932299e-01 -2.964255306389737207e-03 8.003180137225521240e-04 9.999952863275840542e-01 3.098886552382623805e+01
9.999931078049018041e-01 -2.205884194031661368e-03 2.986373335504864408e-03 -1.375727508624082496e-01 2.212852955546902416e-03 9.999948319894207405e-01 -2.332224823152934633e-03 -5.814233766851004681e-01 -2.981213337572338924e-03 2.338817179869107435e-03 9.999928211226185581e-01 3.236886994295192466e+01
9.999932039395598160e-01 -3.575291316505416900e-04 3.669366865571411715e-03 -1.451226511400224017e-01 3.712886019897870121e-04 9.999929004517806863e-01 -3.749825433425804828e-03 -6.250100317483435752e-01 -3.668000209841003334e-03 3.751162381600651845e-03 9.999862371801399030e-01 3.373746664448254506e+01
9.999918259387379216e-01 1.433344211045489702e-04 4.040732121591491220e-03 -1.453010477185862626e-01 -1.280512457957957290e-04 9.999928389372239046e-01 -3.782284766118261185e-03 -6.468156356172457544e-01 -4.041245390743808570e-03 3.781736467105016077e-03 9.999846832821774889e-01 3.512915244539731674e+01
9.999944360023145240e-01 -3.620981208102723101e-04 3.316150554365499166e-03 -1.476645758030495637e-01 3.699992145017863207e-04 9.999970938543657484e-01 -2.382306270915866830e-03 -6.834437645749174006e-01 -3.315278348097240330e-03 2.383520014098094303e-03 9.999916638437127414e-01 3.653183693953303646e+01
9.999941346867591285e-01 8.847589479473623453e-04 3.308745456578854674e-03 -1.462975283220539213e-01 -8.808082092384809936e-04 9.999988977197108442e-01 -1.195298346790692537e-03 -7.126887060090535408e-01 -3.309799418826761888e-03 1.192376979231503376e-03 9.999938117109814506e-01 3.793321257922604417e+01
9.999894262912966125e-01 3.517185625522223358e-03 2.962550974405654680e-03 -1.640087678297684759e-01 -3.514835485556306108e-03 9.999935044457118893e-01 -7.981257192683412910e-04 -7.399344327094102836e-01 -2.965338939741220259e-03 7.877044083403192051e-04 9.999952931302074077e-01 3.932139038335468229e+01
9.999780924123691239e-01 5.718502335110847365e-03 3.333679648672970355e-03 -1.652821633175011184e-01 -5.715465040969890109e-03 9.999832434649092994e-01 -9.199238013473300807e-04 -7.655549720014834802e-01 -3.338884433395228855e-03 9.008501258986256408e-04 9.999940201396799733e-01 4.071189477705389947e+01
9.999603021652190282e-01 8.186785113355609864e-03 3.517190949705033699e-03 -1.741837005760357993e-01 -8.184986597692973237e-03 9.999663643855690731e-01 -5.254595194840944519e-04 -7.937798312521718858e-01 -3.521374533267692016e-03 4.966505011655348092e-04 9.999936766074306593e-01 4.212675814458157220e+01
9.999534322020767751e-01 9.177139148983262315e-03 2.985553666160055235e-03 -1.841570971625460795e-01 -9.175122014638294882e-03 9.999576705592940762e-01 -6.886533652872683237e-04 -8.220403132798297374e-01 -2.991747210451395356e-03 6.612284794458378814e-04 9.999953060996581433e-01 4.353270334966070010e+01
9.999632407565560710e-01 8.053432862815988053e-03 2.942676216988711693e-03 -1.834316095934589164e-01 -8.051449693533616406e-03 9.999673518161398267e-01 -6.851826192483300229e-04 -8.469355807107309397e-01 -2.948098268660003657e-03 6.614646260775713590e-04 9.999954355780958926e-01 4.495602436110149824e+01
9.999671283758991835e-01 7.840037642211571470e-03 2.067840720696113507e-03 -1.845662947353154115e-01 -7.837798448369688586e-03 9.999686912468637168e-01 -1.088786824723975317e-03 -8.823683627236525995e-01 -2.076312146618634197e-03 1.072543722011277609e-03 9.999972692836626154e-01 4.636251979378200616e+01
9.999710467956353099e-01 7.441766206060212996e-03 1.589236968143826340e-03 -1.833975901187976931e-01 -7.440694465283304374e-03 9.999720869508171850e-01 -6.792639145990772911e-04 -9.126111713132423198e-01 -1.594247559924180397e-03 6.674192234003874236e-04 9.999985064608690744e-01 4.778061567682512134e+01
9.999712784033935042e-01 7.567911742906175895e-03 4.111766517341668191e-04 -2.006991696320355179e-01 -7.567988546479531217e-03 9.999713451836209632e-01 1.854061709433410185e-04 -9.387642868096427451e-01 -4.097617397011437844e-04 -1.885126326432199836e-04 9.999998982788804724e-01 4.918041964204248728e+01
9.999674699174707637e-01 8.055902740350810373e-03 -4.018978595590806148e-04 -2.093439123897047893e-01 -8.055789516991655047e-03 9.999675116448392131e-01 2.827109063492328975e-04 -9.704267246709377126e-01 4.041623005556586054e-04 -2.794641137784312224e-04 9.999998792766296996e-01 5.058337414201448468e+01
9.999622129983720686e-01 8.577686044976063837e-03 -1.412748748553022647e-03 -2.193775082008861954e-01 -8.577245794971646506e-03 9.999631643729411934e-01 3.174401117115258769e-04 -9.937219977415365779e-01 1.415419634597050481e-03 -3.053106334808090849e-04 9.999989516868321715e-01 5.205284850632505567e+01
9.999607279210610544e-01 8.448328930685778185e-03 -2.677374416977516478e-03 -2.287522640586144296e-01 -8.445098063269634164e-03 9.999636004544875112e-01 1.215771656987781925e-03 -1.023658678401356825e+00 2.687548247402993598e-03 -1.193113240991370075e-03 9.999956767753455100e-01 5.344683862313860345e+01
9.999677649743330399e-01 7.428315049576949755e-03 -3.047807266073875639e-03 -2.476210076861927734e-01 -7.421772250847384622e-03 9.999701416549400257e-01 2.152465776495689903e-03 -1.054236208086544613e+00 3.063705511769313893e-03 -2.129776287939881899e-03 9.999930388590049235e-01 5.489705092903444950e+01
9.999800797132736285e-01 5.004991629168113743e-03 -3.845805547503925760e-03 -2.589245560423116821e-01 -4.996245222782131137e-03 9.999849182416308269e-01 2.280533239648886192e-03 -1.074898474670795245e+00 3.857161664128335235e-03 -2.261273251044706133e-03 9.999900044267412413e-01 5.630537117795611834e+01
9.999846793028941416e-01 3.615528619192589360e-03 -4.191550943013619066e-03 -2.689637920735072907e-01 -3.606712372466987573e-03 9.999912718407640844e-01 2.108998444262215506e-03 -1.103421969795347790e+00 4.199139576991200648e-03 -2.093848439957444324e-03 9.999889914555172288e-01 5.771979940494406236e+01
9.999883754848618578e-01 2.602047817041708289e-03 -4.059338794815068804e-03 -2.846408721689695498e-01 -2.592537817233188033e-03 9.999938868980604578e-01 2.346256267846636920e-03 -1.132240829184246955e+00 4.065419122944312520e-03 -2.335705031471426579e-03 9.999890083675495589e-01 5.917716190663261244e+01
9.999914809648356995e-01 1.400170070832776337e-03 -3.882977363791736448e-03 -2.972057806475260633e-01 -1.388380036267062093e-03 9.999944233590695175e-01 3.037376086685145225e-03 -1.160109664380567285e+00 3.887208622875005983e-03 -3.031959195363227635e-03 9.999878483456811074e-01 6.060707961684003209e+01
9.999935727735689284e-01 -1.053241918849348938e-03 -3.427111018962273638e-03 -3.082885611543628168e-01 1.065540619207529238e-03 9.999929925379285045e-01 3.588801387156748037e-03 -1.181362727668619383e+00 3.423307190258501661e-03 -3.592430082559189275e-03 9.999876876341481369e-01 6.205073608839045818e+01
9.999937825957402326e-01 -1.869640415574630801e-03 -2.989851778342326322e-03 -3.179425102341209564e-01 1.879876942285993967e-03 9.999923690100156470e-01 3.424613868656917193e-03 -1.214904025507748786e+00 2.983426221343190264e-03 -3.430213162840511140e-03 9.999896663520235762e-01 6.342134996465103569e+01
9.999921322136053892e-01 -2.938016023130233731e-03 -2.665253127511151184e-03 -3.245826463399705264e-01 2.945488346492330066e-03 9.999917307534615940e-01 2.804018021754972959e-03 -1.232674817403835332e+00 2.656992886916283853e-03 -2.811846458606100368e-03 9.999925169284136217e-01 6.484311759936251462e+01
9.999944357136228978e-01 -2.819098477540383889e-03 -1.783599775143772381e-03 -3.289634944754038504e-01 2.823802522676078890e-03 9.999925272460857828e-01 2.640376020509922154e-03 -1.264315667551267452e+00 1.776143000220838748e-03 -2.645397886223419589e-03 9.999949235817373605e-01 6.628591578969897569e+01
9.999972908999510413e-01 -1.605424277960733684e-03 -1.685469127423297811e-03 -3.434391602461888682e-01 1.609310587354695343e-03 9.999960440510312631e-01 2.306945650681797855e-03 -1.296641649444914224e+00 1.681758864662738322e-03 -2.309651865902797620e-03 9.999959185908372516e-01 6.768875821641854884e+01
9.999992731892553000e-01 8.330192266418814245e-04 -8.716060720777728168e-04 -3.530280715960416593e-01 -8.303441555685426440e-04 9.999949581167996149e-01 3.065007401436390874e-03 -1.327081291154528442e+00 8.741549055176411551e-04 -3.064281470304850048e-03 9.999949230042364245e-01 6.913697824709677775e+01
9.999894083100264730e-01 4.600893504289528535e-03 -1.226289824966344838e-04 -3.863830218134728933e-01 -4.600305197200848378e-03 9.999796062822485787e-01 4.429923163577455941e-03 -1.349325492218767186e+00 1.430080924344504444e-04 -4.429312156531729772e-03 9.999901803236969089e-01 7.052581734453733020e+01
9.999682306769098750e-01 7.938698598184490765e-03 7.174170702569239010e-04 -3.992239310648266204e-01 -7.942273086702150361e-03 9.999553263823319771e-01 5.124992844134246966e-03 -1.378450406206018997e+00 -6.766992549263406778e-04 -5.130528000974393828e-03 9.999866097908122198e-01 7.196021544285589755e+01
9.999242741052380978e-01 1.223699638352602516e-02 1.304589039555961900e-03 -4.209201752535118302e-01 -1.224299775012623395e-02 9.999140250286129294e-01 4.695910962574765743e-03 -1.398636760714803140e+00 -1.247013050560153878e-03 -4.711527491940072088e-03 9.999881231627727463e-01 7.332625187102759412e+01
9.998739162588894391e-01 1.573162887957302303e-02 2.160418879316471953e-03 -4.375588464083048357e-01 -1.574055670848569649e-02 9.998673745084039055e-01 4.179509323193764808e-03 -1.420948431042969418e+00 -2.094381897070719985e-03 -4.212988598747585342e-03 9.999889320836026219e-01 7.471107939311703205e+01
9.998366338284810917e-01 1.780569321140255956e-02 3.108522552483929547e-03 -4.506040609648905848e-01 -1.781844878481671918e-02 9.998327293726272380e-01 4.125068799975185017e-03 -1.444672278909398422e+00 -3.034552928883195010e-03 -4.179784001301941818e-03 9.999866603565964462e-01 7.611296354074707438e+01
9.998406221263750338e-01 1.747187647108858211e-02 3.669311736739290855e-03 -4.759829182606393760e-01 -1.748817618090970499e-02 9.998371315134493287e-01 4.458046033141678001e-03 -1.466939111289867759e+00 -3.590823751627673661e-03 -4.521505139875932333e-03 9.999833308472421134e-01 7.751734409935959036e+01
9.998563762857783921e-01 1.660234997039919391e-02 3.404224984122313554e-03 -4.599481384582306265e-01 -1.661770167396961137e-02 9.998516455473083209e-01 4.531988432915089009e-03 -1.499418714567882338e+00 -3.328478349209129661e-03 -4.587907977878546810e-03 9.999839360354313422e-01 7.892263571918404352e+01
9.998598338194379931e-01 1.648177764399099549e-02 2.943414943632378499e-03 -4.673648555639930424e-01 -1.649223503130815491e-02 9.998576399674043991e-01 3.564549657225551515e-03 -1.524086140281453394e+00 -2.884245852375938186e-03 -3.612593561079955815e-03 9.999893150882064319e-01 8.029839766382636412e+01
9.998680990476364050e-01 1.601771574318990726e-02 2.686496073590999636e-03 -4.683164419323628813e-01 -1.602788684612331538e-02 9.998642932046373222e-01 3.808155506417751617e-03 -1.541441510134038628e+00 -2.625133588902916863e-03 -3.850712106381673494e-03 9.999891402846707855e-01 8.166592520344266859e+01
9.998667199939559325e-01 1.608730508329318798e-02 2.782235716187527342e-03 -4.826175335777934117e-01 -1.609820457424328971e-02 9.998626507550562037e-01 3.940490500955259531e-03 -1.568342892175031089e+00 -2.718461750337370936e-03 -3.984754357506871403e-03 9.999883657801709180e-01 8.305626517625010763e+01
9.998770936835955636e-01 1.552750776381222469e-02 2.166564505324678098e-03 -4.846641534158190878e-01 -1.553537890937342451e-02 9.998726029285835981e-01 3.664688894255964998e-03 -1.597932510087838320e+00 -2.109385040751115669e-03 -3.697896924314742362e-03 9.999909379844854618e-01 8.443370479655509087e+01
9.998792299297758479e-01 1.545251007893796123e-02 1.656942679026408892e-03 -4.974602760596377737e-01 -1.545855432628201118e-02 9.998736665422476300e-01 3.699200327450498284e-03 -1.618141164095504347e+00 -1.599571447182450076e-03 -3.724367556798464669e-03 9.999917851943511682e-01 8.583682125897911419e+01
9.998948727929278801e-01 1.449803166102506084e-02 2.245265037572874694e-04 -4.926544213301010666e-01 -1.449886442305864734e-02 9.998856146100092435e-01 4.305885945592665548e-03 -1.648187823648618711e+00 -1.620739507155391631e-04 -4.308688708807425702e-03 9.999907044240432530e-01 8.721651007098894581e+01
9.999127144043543636e-01 1.316215933684218575e-02 -1.149394063140599716e-03 -4.960601517922679782e-01 -1.315597949151534052e-02 9.998997880212382450e-01 5.228206480478697626e-03 -1.675544575227837063e+00 1.218093391410276756e-03 -5.212628786925225903e-03 9.999856722737151538e-01 8.855675547025113303e+01
9.999353735199290050e-01 1.116214949321689062e-02 -2.157586030673475444e-03 -5.021458483485067292e-01 -1.114911073313286198e-02 9.999200628761899523e-01 5.963657225311964211e-03 -1.703228063844695939e+00 2.223980835788493069e-03 -5.939216714052101068e-03 9.999798896072223942e-01 8.993773083111156552e+01
9.999525306630726584e-01 9.251849879057749693e-03 -3.056087706516606370e-03 -5.169748902853359418e-01 -9.233574719031384381e-03 9.999397217015105754e-01 5.940881882354555159e-03 -1.724515302224787439e+00 3.110867696455308154e-03 -5.912381322162333676e-03 9.999776828786790528e-01 9.130670376099951113e+01
9.999604041272138755e-01 8.273178801545081132e-03 -3.277906284298475522e-03 -5.292998135762596590e-01 -8.254353844672856697e-03 9.999495980878098100e-01 5.715500056235563175e-03 -1.744279045243182447e+00 3.325026487438833243e-03 -5.688216808849446034e-03 9.999782939618155897e-01 9.267298473880245524e+01
9.999683212453419623e-01 7.167279401153046903e-03 -3.462165942649801220e-03 -5.482749118566834223e-01 -7.148696370759977797e-03 9.999601341335052629e-01 5.350354764056601715e-03 -1.769623746201432812e+00 3.500375472685668399e-03 -5.325435355589356462e-03 9.999796933520034292e-01 9.404477755736120059e+01
9.999664998520417791e-01 7.373725332679584646e-03 -3.553495333482672297e-03 -5.593694647328325553e-01 -7.356744480834573677e-03 9.999615702719676369e-01 4.768259919037613759e-03 -1.786629911894029199e+00 3.588518678340654657e-03 -4.741958076524450082e-03 9.999823180305709158e-01 9.539888017875959747e+01
9.999689078461203584e-01 6.961953909937833307e-03 -3.703312042546316133e-03 -5.732782569356846825e-01 -6.946077421037566077e-03 9.999667040822036723e-01 4.282843397673027040e-03 -1.814352330746991093e+00 3.733005763566203932e-03 -4.256986790154128689e-03 9.999839712405457215e-01 9.672822922464298756e+01
9.999614418101113733e-01 8.081626308314181217e-03 -3.435431377336065680e-03 -5.904498810022086319e-01 -8.068772061360607664e-03 9.999604557887491474e-01 3.739223272376791980e-03 -1.842377151489140275e+00 3.465514593690695831e-03 -3.711359424973457912e-03 9.999871079298100485e-01 9.809050247883480722e+01
9.999588726828871899e-01 8.531393837227526852e-03 -3.077050715614457459e-03 -6.069690921232496761e-01 -8.520146911100036705e-03 9.999570417696710400e-01 3.649894146842202775e-03 -1.861944956995218003e+00 3.108057271684794027e-03 -3.623527154510407591e-03 9.999886049532725751e-01 9.942451572965086370e+01
9.999516823486317429e-01 9.304321767984374825e-03 -3.172151010936643308e-03 -6.183003855779183322e-01 -9.288628936368269542e-03 9.999447242723117357e-01 4.926437761448220973e-03 -1.894024841618549893e+00 3.217812889375017225e-03 -4.896734848394066614e-03 9.999828336896645631e-01 1.008050945548258284e+02
9.999434292110721545e-01 1.022986196277783470e-02 -2.913464915331849103e-03 -6.424825438635848318e-01 -1.021247411668698736e-02 9.999303167246025303e-01 5.921746832046737366e-03 -1.911471429064247163e+00 2.973840604117064697e-03 -5.891658213206954833e-03 9.999782220836013202e-01 1.021449054080139831e+02
9.999487112314583426e-01 9.753470185939657963e-03 -2.728498323637424793e-03 -6.523261314953789913e-01 -9.738940211019859322e-03 9.999385887611651480e-01 5.288834204699126643e-03 -1.941844047736799750e+00 2.779915301910618024e-03 -5.261990322652540346e-03 9.999822916102987236e-01 1.034960550999579709e+02
9.999460676010302196e-01 9.998080359010419818e-03 -2.810739223108662654e-03 -6.590597654950902662e-01 -9.989281185279131475e-03 9.999452153783017216e-01 3.127382603068514129e-03 -1.958411798924366343e+00 2.841853111457017748e-03 -3.099136709521771796e-03 9.999911595746413528e-01 1.048211476484856064e+02
9.999518874767463483e-01 9.436363575135277640e-03 -2.679132715019307085e-03 -6.766341857439335250e-01 -9.431033340508751528e-03 9.999535361703119074e-01 1.995276499620608594e-03 -1.987425540929617096e+00 2.697836434309507526e-03 -1.969913539105716885e-03 9.999944205462331093e-01 1.061522262023361804e+02
9.999657137563533471e-01 7.786286185593658399e-03 -2.818694767270634675e-03 -6.876292505641377062e-01 -7.778277785897661292e-03 9.999657127082007824e-01 2.841094304467453591e-03 -2.018195635419014700e+00 2.840719746190701039e-03 -2.819072337129966029e-03 9.999919915415780292e-01 1.074798476728522871e+02
9.999892030097827789e-01 4.281286172017959371e-03 -1.806776662798040799e-03 -7.001355367081228964e-01 -4.272701823107551145e-03 9.999796918646292054e-01 4.728623930695590415e-03 -2.034106326485205063e+00 1.826984598331176735e-03 -4.720853105933538532e-03 9.999871877564567857e-01 1.088094676653044814e+02
9.999955234844305485e-01 2.671688209018668880e-03 -1.347251382998580164e-03 -7.069175463485933841e-01 -2.664412023900681464e-03 9.999820105994422503e-01 5.373954748180921961e-03 -2.063700022855961436e+00 1.361584706546908972e-03 -5.370341111298077355e-03 9.999846526456234175e-01 1.101467634438240566e+02
9.999969051800269293e-01 2.415039558625899779e-03 -5.976695882576646933e-04 -7.209333392770901350e-01 -2.412320067427527887e-03 9.999869209987884977e-01 4.509827781071664918e-03 -2.083438159178209403e+00 6.085531982797322183e-04 -4.508372097319410417e-03 9.999896520694794289e-01 1.114808563212026655e+02
9.999923295019139680e-01 3.895571688112345332e-03 4.067576605165169109e-04 -7.361050462473376355e-01 -3.896492978578105365e-03 9.999897883885203731e-01 2.289206836735795461e-03 -2.103956641767382507e+00 -3.978357426993541944e-04 -2.290774229169166044e-03 9.999972970364097158e-01 1.127892627655603377e+02
9.999779372814023848e-01 6.526407074773850001e-03 1.237315809463336970e-03 -7.423142319990252425e-01 -6.527097959317201131e-03 9.999785441943774833e-01 5.551174848846835569e-04 -2.137666150903266171e+00 -1.233666360686788829e-03 -5.631813275980713379e-04 9.999990804458356308e-01 1.141232047599298056e+02
9.999572326537990996e-01 8.797838339490176088e-03 2.851471700325520619e-03 -7.464984750104829425e-01 -8.798279840822020512e-03 9.999612842702105819e-01 1.423003543836827076e-04 -2.157883855053652322e+00 -2.850109418097196163e-03 -1.673823196351653317e-04 9.999959244195132380e-01 1.154410202430862427e+02
9.999417834750984335e-01 9.926070913855314717e-03 4.231165714964137646e-03 -7.708446045737263885e-01 -9.932409785946356290e-03 9.999495775291440403e-01 1.479747937439210466e-03 -2.182475869319602690e+00 -4.216264358780053359e-03 -1.521687480468008995e-03 9.999899537379289827e-01 1.167936487342574310e+02
9.999462534883228892e-01 8.967553423545033750e-03 5.203182664806987878e-03 -7.720260077725470405e-01 -8.987737816201622765e-03 9.999521249598644079e-01 3.868898226329470311e-03 -2.210398523241860147e+00 -5.168239097480733374e-03 -3.915455165650262581e-03 9.999789790338640127e-01 1.180906209564058287e+02
9.999399274081010036e-01 9.080002198667917399e-03 6.139635627569311679e-03 -7.769632850960078718e-01 -9.108031857064590245e-03 9.999481560634158051e-01 4.552906476718444895e-03 -2.234270470444599255e+00 -6.097977026128797128e-03 -4.608553011804145810e-03 9.999707875275756219e-01 1.194719979660926157e+02
9.999208691185755837e-01 1.040615414505832205e-02 7.068765519674274390e-03 -7.755957408471916281e-01 -1.043470973842390570e-02 9.999374968561641763e-01 4.014876441965652132e-03 -2.253840604368205991e+00 -7.026544395424634895e-03 -4.088319296043927201e-03 9.999669561096212744e-01 1.207994582377786656e+02
9.999026314877982324e-01 1.106038922231105184e-02 8.508544131785457376e-03 -7.817189723311427363e-01 -1.109051665068921770e-02 9.999323665160291252e-01 3.501835902924653032e-03 -2.273716231386174069e+00 -8.469237145668585820e-03 -3.595859117720690695e-03 9.999576700088580461e-01 1.220981518774289043e+02
9.998689584548086096e-01 1.307288583685591900e-02 9.548065805066252923e-03 -7.891730058658551483e-01 -1.310341654088024305e-02 9.999092099239371700e-01 3.142038999534722127e-03 -2.292855150245667772e+00 -9.506123581206983586e-03 -3.266739575704307851e-03 9.999494797318249084e-01 1.234659417729869233e+02
9.998438133893323698e-01 1.391560458111684717e-02 1.089517150440959259e-02 -7.765119266697636524e-01 -1.394266528762288550e-02 9.998998878579639094e-01 2.411715795350073167e-03 -2.316518116211643274e+00 -1.086052046916064807e-02 -2.563246870455658868e-03 9.999377374856696088e-01 1.247872029478488685e+02
9.998155986939369910e-01 1.513501655757071469e-02 1.181946980038679068e-02 -7.797493675178268635e-01 -1.515284235070659888e-02 9.998841807024468897e-01 1.420063113224600757e-03 -2.342908509713059750e+00 -1.179660840325803470e-02 -1.598899828698153482e-03 9.999291392572214887e-01 1.261255469490299106e+02
9.998071630511332630e-01 1.491836907046629850e-02 1.277023733449432139e-02 -7.685661123783464888e-01 -1.493654593526875206e-02 9.998875601415768699e-01 1.329172213615601762e-03 -2.369625673378879860e+00 -1.274897259001075284e-02 -1.519659149301359931e-03 9.999175737625510818e-01 1.274802225643175717e+02
9.998065065700345588e-01 1.397536301727119422e-02 1.384336076946095576e-02 -7.744692708559312022e-01 -1.400498001384899681e-02 9.998998346676303273e-01 2.044796678128697927e-03 -2.396213035997163843e+00 -1.381339760726822685e-02 -2.238277031910386981e-03 9.999020852797734227e-01 1.287773394776424425e+02
9.998253973840539599e-01 1.193127832747549119e-02 1.438121471344490365e-02 -7.556504128303976886e-01 -1.197563539835867427e-02 9.999237825648864542e-01 3.002205938037830115e-03 -2.415266007650480606e+00 -1.434429870614932143e-02 -3.173905953293972276e-03 9.998920778762704353e-01 1.301441175762658418e+02
9.998135984390384978e-01 1.237416602126609547e-02 1.482053927790488203e-02 -7.443767110048248314e-01 -1.242359485918871284e-02 9.999175498607023593e-01 3.247736865766326017e-03 -2.446196916266035526e+00 -1.477912954118822987e-02 -3.431255884674925139e-03 9.998848952738635942e-01 1.314879089580727793e+02
9.998299623188878771e-01 1.098989177975486821e-02 1.480772513676691451e-02 -7.256554204397351882e-01 -1.104239640669644508e-02 9.999330146802299923e-01 3.468667558731160661e-03 -2.470705697194268691e+00 -1.476861320895393216e-02 -3.631590552808400263e-03 9.998843431106251289e-01 1.328488628730592893e+02
9.998576766714873942e-01 8.524146704955451459e-03 1.455902896596486008e-02 -7.186150318206878662e-01 -8.587411757094326123e-03 9.999539317778337599e-01 4.288437562985318932e-03 -2.486410680922128247e+00 -1.452180323470726557e-02 -4.412851627890584764e-03 9.998848153440337283e-01 1.341614527411110203e+02
9.998764335809720016e-01 6.801086097103356196e-03 1.417260740787598845e-02 -7.101000091225407873e-01 -6.860416732026603653e-03 9.999678892431369537e-01 4.141880840424062502e-03 -2.514940104923116149e+00 -1.414398326821743844e-02 -4.238599066674557381e-03 9.998909850577762937e-01 1.354738637313222398e+02
9.998899732693389275e-01 6.947788139251473080e-03 1.310609009485142092e-02 -6.932704118415831118e-01 -7.004340839698610516e-03 9.999663353608058136e-01 4.274034011569128808e-03 -2.534529264336838228e+00 -1.307595402334119951e-02 -4.365363308574664661e-03 9.999049769928897158e-01 1.368404579710695543e+02
9.999203065113562161e-01 3.672353557704208932e-03 1.207867762227781555e-02 -6.834686200909876330e-01 -3.732311015047347358e-03 9.999808076569579596e-01 4.945116576331908681e-03 -2.548563235974347752e+00 -1.206028579230360685e-02 -4.989803901549927714e-03 9.999148220475497784e-01 1.381587970180028151e+02
9.999353675162928612e-01 3.510141061843810931e-03 1.081386639176725589e-02 -6.725597815570485416e-01 -3.566102925986171235e-03 9.999803280576754494e-01 5.160078771753453045e-03 -2.580889961342711647e+00 -1.079554124012661181e-02 -5.198308663874180897e-03 9.999282143556431635e-01 1.395135434047808189e+02
9.999491137990014211e-01 2.721000489620284749e-03 9.714215142427748417e-03 -6.684036970265319066e-01 -2.773186971952387031e-03 9.999817749934941657e-01 5.362752899377093777e-03 -2.597734189987458198e+00 -9.699446210786503292e-03 -5.389419386595262207e-03 9.999384355505054334e-01 1.408531374217051280e+02
9.999583391280968403e-01 2.828921896389073945e-03 8.678549110307456557e-03 -6.617020000548441416e-01 -2.870850809934183401e-03 9.999842498752939957e-01 4.822677793907082476e-03 -2.620463203552613862e+00 -8.664769589118428636e-03 -4.847391735204549523e-03 9.999507110611122185e-01 1.421697063122659586e+02
9.999683600886378754e-01 2.650092406409234116e-03 7.500389087979743817e-03 -6.524159351028884224e-01 -2.682404403427521636e-03 9.999871518359296774e-01 4.301264187696588262e-03 -2.628703649845399948e+00 -7.488894100145992473e-03 -4.321247207440547661e-03 9.999626209410052979e-01 1.435289909903096373e+02
9.999777564075318370e-01 1.202304467267406585e-03 6.560576221356901813e-03 -6.505553508452428524e-01 -1.217018604239339385e-03 9.999967522428205857e-01 2.239279185598960081e-03 -2.663490609005642717e+00 -6.557862730428982295e-03 -2.247213734729218947e-03 9.999759719407596004e-01 1.448799225770007126e+02
9.999800432783730875e-01 -2.428721873340551791e-03 5.832183732979698103e-03 -6.543148169164316741e-01 2.419118201347437470e-03 9.999957074496887977e-01 1.653161978756458039e-03 -2.694722219964675869e+00 -5.836173867976303734e-03 -1.639020253198140986e-03 9.999816261711703680e-01 1.462040918543663111e+02
9.999257512793979785e-01 -1.126543007307311689e-02 4.645647379468321493e-03 -6.300596268097090613e-01 1.124703432025890397e-02 9.999288806403904273e-01 3.967097119430722414e-03 -2.714417865041472311e+00 -4.690008115556589322e-03 -3.914552835762169503e-03 9.999813398732484426e-01 1.475569553672843881e+02
9.998116481853358550e-01 -1.915387653483014568e-02 3.130048450856918931e-03 -6.214551020097467404e-01 1.913696265075185560e-02 9.998025725025188049e-01 5.347209008001690793e-03 -2.733172308441452980e+00 -3.231850323305369543e-03 -5.286302263347229108e-03 9.999808048901980273e-01 1.489201353389932478e+02
9.997754959176471390e-01 -2.110177653008113441e-02 1.916462354030436764e-03 -6.261715591967800254e-01 2.109733968157510506e-02 9.997747654246975646e-01 2.306651787773129555e-03 -2.773403937814667763e+00 -1.964705180552550959e-03 -2.265701681972603562e-03 9.999955032535222665e-01 1.502700215041154763e+02
9.997985770297913577e-01 -1.991849492328424953e-02 2.461496736718009597e-03 -6.280824485250532385e-01 1.991986900965676821e-02 9.998014366123471053e-01 -5.349140023288125392e-04 -2.802402001691227440e+00 -2.450353332480311244e-03 5.838389725229776658e-04 9.999968274435405702e-01 1.515919068534858525e+02
9.998191146869480628e-01 -1.879315034120311936e-02 2.924968842779362803e-03 -6.411574959052278588e-01 1.880088916866340387e-02 9.998197592952647872e-01 -2.641109186609123111e-03 -2.819509150855186164e+00 -2.874806932493809315e-03 2.695623504394003417e-03 9.999922345171703419e-01 1.529387386678710925e+02
9.998360464317533891e-01 -1.768425110951202944e-02 3.891985844168252811e-03 -6.561802392513275128e-01 1.769471191726607051e-02 9.998398715021564742e-01 -2.669924147173218659e-03 -2.853218334349999719e+00 -3.844147084385127373e-03 2.738354013006450219e-03 9.999888619104028153e-01 1.543012728496285035e+02
9.997872375577097070e-01 -2.016519064627151497e-02 4.341053180211849015e-03 -6.419944761640421493e-01 2.016589492797525585e-02 9.997966406269273021e-01 -1.184857845224268277e-04 -2.878370374113551122e+00 -4.337781170959303760e-03 2.060018175517311020e-04 9.999905705615212970e-01 1.556145131118674954e+02
9.996407321279369151e-01 -2.633292198836944403e-02 4.998393738540434818e-03 -6.350561632984936811e-01 2.631800989943197666e-02 9.996490408670095640e-01 3.026120443046949153e-03 -2.904113938858596367e+00 -5.076326182371504112e-03 -2.893485482744609372e-03 9.999829291784072538e-01 1.569719823435801231e+02
9.995341532293858799e-01 -3.011268986590558139e-02 4.970160154776708319e-03 -6.217163662812422720e-01 3.009060283890054380e-02 9.995372226600012233e-01 4.460503187998081723e-03 -2.933785547979328001e+00 -5.102177907306677113e-03 -4.308870175513294237e-03 9.999777004577329320e-01 1.583398206563813062e+02
9.994879912137462075e-01 -3.161692573762744235e-02 4.911769872023150595e-03 -6.153403243781556675e-01 3.159456020475617799e-02 9.994903365425168440e-01 4.566275541358781435e-03 -2.963339311773094842e+00 -5.053638196852802342e-03 -4.408752372922996460e-03 9.999775115660852753e-01 1.596716681891984138e+02
9.995279032546811049e-01 -3.019306155559575364e-02 5.687680115711756662e-03 -6.230359708712489564e-01 3.016490086590460640e-02 9.995325617101246118e-01 4.973609100298110458e-03 -2.978007913754685543e+00 -5.835190055073667496e-03 -4.799692786341928571e-03 9.999714563425012859e-01 1.610247286170861969e+02
9.995807541471010138e-01 -2.815494634704301252e-02 6.753886975405391617e-03 -6.194447043195407954e-01 2.812622028136808200e-02 9.995950824437664917e-01 4.311245808057196684e-03 -2.993648921249996597e+00 -6.872535214365787203e-03 -4.119477035078237051e-03 9.999678985651599961e-01 1.623702298307858030e+02
9.996718645083848553e-01 -2.445305132917143659e-02 7.629655374998891258e-03 -6.237833052070239637e-01 2.443542118999463691e-02 9.996985404190910085e-01 2.395502949197392435e-03 -3.015883655909044947e+00 -7.685932827122176660e-03 -2.208283053080047423e-03 9.999680244454031142e-01 1.637329505495881676e+02
9.997357068182486373e-01 -2.144497494707671426e-02 8.284298917369937662e-03 -6.305006431291096947e-01 2.143050734341885380e-02 9.997686631449121952e-01 1.831259719902432817e-03 -3.040136432108755393e+00 -8.321653912670692529e-03 -1.653238994118690595e-03 9.999640077857037124e-01 1.650834075290535168e+02
9.997580971333503985e-01 -2.011041314634946439e-02 8.906095916419215844e-03 -6.269829638302895081e-01 2.008657647243888150e-02 9.997944406236772830e-01 2.757881278966169396e-03 -3.058635970041708063e+00 -8.959727467324400327e-03 -2.578321164186264149e-03 9.999565368220034722e-01 1.664371342042373954e+02
9.997814249142408238e-01 -1.892035489933782677e-02 8.895089104833558621e-03 -6.342125299342934452e-01 1.889672889648764953e-02 9.998177064104083467e-01 2.732682310782976777e-03 -3.081257366194672720e+00 -8.945171056659357786e-03 -2.563996929206772968e-03 9.999567039746751762e-01 1.678125820134742980e+02
9.998372704208955408e-01 -1.600814739642619083e-02 8.316966530566976060e-03 -6.227483763556456164e-01 1.600433434952480000e-02 9.998717846797897657e-01 5.248386882919101395e-04 -3.106048136702072249e+00 -8.324302005120062797e-03 -3.916457530514019791e-04 9.999652756967712941e-01 1.691537959163748610e+02
9.998953707633947419e-01 -1.206919038347618531e-02 7.973844786810171600e-03 -6.246392015934247866e-01 1.208801543815924903e-02 9.999242531071339535e-01 -2.316875077796863927e-03 -3.141841931617161965e+00 -7.945278124918055129e-03 2.413020661809287155e-03 9.999655243438748675e-01 1.705120690360458866e+02
9.999568929973221554e-01 -5.537788865941920685e-03 7.452855904183960760e-03 -6.309599162829747643e-01 5.565817533782810300e-03 9.999774968751503623e-01 -3.745318287102779135e-03 -3.176628081693893879e+00 -7.431947541322954723e-03 3.786638119293517929e-03 9.999652131536395094e-01 1.718776254316406380e+02
9.999648734268108408e-01 -2.166515646360230897e-03 8.096797926667367168e-03 -6.405175026655863801e-01 2.190033602648700124e-03 9.999934059508435169e-01 -2.896861087532099331e-03 -3.200873313153567601e+00 -8.090468583665586313e-03 2.914491626058658864e-03 9.999630243393697882e-01 1.732489600326790935e+02
9.999654174348149294e-01 1.051120350164018447e-03 8.249793262638938432e-03 -6.401713355911563541e-01 -1.042506456161185549e-03 9.999989070543601200e-01 -1.048366598199318434e-03 -3.234517086751388160e+00 -8.250886349464209985e-03 1.039729896710183191e-03 9.999654203149175302e-01 1.746543934345745583e+02
9.999661370476599087e-01 1.067105478871080426e-03 8.160027708140362573e-03 -6.422970670129984905e-01 -1.076504353247409451e-03 9.999987621769680368e-01 1.147512376954001705e-03 -3.248166166909867147e+00 -8.158793231037905075e-03 -1.156257827971363290e-03 9.999660479990218898e-01 1.760154631261769680e+02
9.999722596938659391e-01 -6.008610008376670183e-04 7.424204966313339461e-03 -6.324754070237693648e-01 5.847167549572294259e-04 9.999974604251037347e-01 2.176522014725223823e-03 -3.286211377121430743e+00 -7.425494025686962471e-03 -2.172120592970446656e-03 9.999700715129438144e-01 1.774079791932388730e+02
9.999763543668345189e-01 -3.840491455621664225e-03 5.704502347503706550e-03 -6.318737964029340626e-01 3.827682716792865300e-03 9.999901327544661322e-01 2.254602238039191305e-03 -3.300990179343837205e+00 -5.713104936859414798e-03 -2.232713914035058464e-03 9.999811875298418862e-01 1.787778292897942549e+02
9.999828748332167949e-01 -4.179380285655948449e-03 4.096685706838304984e-03 -6.274469821670816128e-01 4.185858720504019061e-03 9.999900003758404043e-01 -1.574079983460027754e-03 -3.332592968052888072e+00 -4.090066134515723054e-03 1.591201196011990046e-03 9.999903696696362809e-01 1.801530208624524505e+02
9.999950056392564735e-01 -1.467674827414140216e-03 2.799041557141226325e-03 -6.390910618269939336e-01 1.482974452914176400e-03 9.999839299639333712e-01 -5.471800325086868637e-03 -3.367061142890318326e+00 -2.790965806090265136e-03 5.475923958004869606e-03 9.999811122026468491e-01 1.815298257300429725e+02
9.999956483971771393e-01 2.121948279578419680e-03 2.049517272275887866e-03 -6.520627362198564425e-01 -2.108686703188049696e-03 9.999769672959231137e-01 -6.451226470077910634e-03 -3.393493199220118495e+00 -2.063159277183606536e-03 6.446876666753065775e-03 9.999770903132066957e-01 1.829518540455601396e+02
9.999767387991961298e-01 6.575612139752788979e-03 1.811953497769520525e-03 -6.572857027525431661e-01 -6.565812418190057967e-03 9.999640673145585579e-01 -5.362294324936559518e-03 -3.431627143985454431e+00 -1.847148794693638648e-03 5.350272691017479883e-03 9.999839811817400337e-01 1.843659641166305221e+02
9.999682633269021403e-01 7.714007884358145897e-03 1.991584621892377675e-03 -6.796867573106144533e-01 -7.709595400084985617e-03 9.999678299978749241e-01 -2.213848075545767589e-03 -3.449459166243012742e+00 -2.008598231725128996e-03 2.198423520377546306e-03 9.999955662221747810e-01 1.857412683152495845e+02
9.999707739463526979e-01 7.237122305579341691e-03 2.464813056121167335e-03 -6.736083051034016389e-01 -7.236282251570736596e-03 9.999737566654570697e-01 -3.495903896085922336e-04 -3.479421801645465440e+00 -2.467278443384654345e-03 3.317440897374953485e-04 9.999969012349562147e-01 1.871165597685839259e+02
9.999734519961893664e-01 6.838968047635113692e-03 2.514718523290293464e-03 -6.776913605699128595e-01 -6.840221501926391570e-03 9.999764852851973362e-01 4.901626214772296375e-04 -3.507875902955910341e+00 -2.511307227611965683e-03 -5.073508474958453654e-04 9.999967179585218524e-01 1.885255476514703901e+02
9.999779678208217115e-01 6.250333268502347370e-03 2.235441374519111374e-03 -6.842262051189367256e-01 -6.252775303285978276e-03 9.999798603328770019e-01 1.087079245174974416e-03 -3.538197321032249487e+00 -2.228601784116236544e-03 -1.101033019516554565e-03 9.999969105240138489e-01 1.899405503920478964e+02
9.999901042324254030e-01 3.769727985421607655e-03 2.362326028864546699e-03 -6.845083830822957793e-01 -3.773277184637408022e-03 9.999917565295288746e-01 1.499752989366056125e-03 -3.562495681118839741e+00 -2.356652934086625635e-03 -1.508651873398950127e-03 9.999960850691326231e-01 1.913468643442919586e+02
9.999954164752116181e-01 1.257253886043753835e-03 2.754331612299594327e-03 -6.869701472581510870e-01 -1.262363438941363145e-03 9.999974842968089028e-01 1.854141452385441730e-03 -3.593616252838860881e+00 -2.751993602737747187e-03 -1.857609936817225006e-03 9.999944878914146518e-01 1.927747501975487125e+02
9.999946298736431816e-01 -1.369224022341110347e-03 2.977491561504405550e-03 -6.858464258876614261e-01 1.361042503803491788e-03 9.999952977817480049e-01 2.748085615456860326e-03 -3.624072704785601395e+00 -2.981240354469215283e-03 -2.744018386819353870e-03 9.999917912491284033e-01 1.941795507518842783e+02
9.999758047366736902e-01 -6.097869222283504656e-03 3.347528593193694040e-03 -6.856740558448244371e-01 6.084181874556874974e-03 9.999731519767478538e-01 4.083876182026451376e-03 -3.640961788836576396e+00 -3.372341715531033783e-03 -4.063410428720817466e-03 9.999860579045508624e-01 1.955954772756690545e+02
9.999482697860505587e-01 -9.455666844368732643e-03 3.748084605463056912e-03 -6.935382012824226061e-01 9.440098868429636428e-03 9.999468306015262264e-01 4.149757293728212337e-03 -3.656454745110665261e+00 -3.787124105262226238e-03 -4.114160364325596120e-03 9.999843655634976791e-01 1.970140403245768539e+02
9.999650432237385811e-01 -7.428154064964775059e-03 3.838603414193218245e-03 -6.920981503966880943e-01 7.427120644612651180e-03 9.999723783882900063e-01 2.834184971897335190e-04 -3.691251801012730649e+00 -3.840602727505275024e-03 -2.548988127044184496e-04 9.999925923686630025e-01 1.984584966046963643e+02
9.999907943581444192e-01 -2.259416363938789030e-04 4.284875197852158757e-03 -7.064001963041297572e-01 2.457310936436743129e-04 9.999893045693345472e-01 -4.618480647159498194e-03 -3.728459256422524515e+00 -4.283785940620612673e-03 4.619491104728852202e-03 9.999801545398343539e-01 1.999005520770696762e+02
9.999448258226516506e-01 8.934368038694868314e-03 5.524705267649744796e-03 -7.217055817452568967e-01 -8.906148046035931160e-03 9.999472743734294511e-01 -5.111655128703459020e-03 -3.749218416487974714e+00 -5.570083484357007605e-03 5.062169299715315977e-03 9.999716739007640243e-01 2.013198836337023181e+02
9.998615349539605734e-01 1.525214727271926619e-02 6.654539918468531379e-03 -7.298536048825549072e-01 -1.523998527561901996e-02 9.998821075365019739e-01 -1.874541983812626385e-03 -3.771009333436194488e+00 -6.682346307637658002e-03 1.772867346654625163e-03 9.999761013045576075e-01 2.027706910814816865e+02
9.998202758285597014e-01 1.731567917258208453e-02 7.719020158058191583e-03 -7.354310318254519974e-01 -1.732081442466817597e-02 9.998498040936791842e-01 5.988955150652182369e-04 -3.802911221606331438e+00 -7.707490644726889932e-03 -7.324876065346224221e-04 9.999700285709675063e-01 2.041796867715038388e+02
9.998470238556065315e-01 1.596407654342286292e-02 7.146826199141511661e-03 -7.390809726590934492e-01 -1.597266945476830818e-02 9.998717710669402514e-01 1.146858882193650328e-03 -3.834263104974434011e+00 -7.127601350102111266e-03 -1.260837348886401435e-03 9.999738034465239789e-01 2.056501247227684246e+02
9.999029786187864088e-01 1.245741561919069644e-02 6.232666293114468015e-03 -7.368915817644540178e-01 -1.246545891434429169e-02 9.999215177059626036e-01 1.253310291441598820e-03 -3.857649755965984806e+00 -6.216564239630987740e-03 -1.330881754382710717e-03 9.999797913333203780e-01 2.070921618873075829e+02
9.999289510094633293e-01 1.077109134253179459e-02 5.106516448593549640e-03 -7.292053722621749667e-01 -1.077546977356524938e-02 9.999415979272099353e-01 8.306663741700880121e-04 -3.887747888266854801e+00 -5.097271122589463327e-03 -8.856324807938074570e-04 9.999866166482872520e-01 2.085165677348129236e+02
9.999191356692789245e-01 1.185563761408941000e-02 4.600648016204508806e-03 -7.252370131455808666e-01 -1.185598546894522411e-02 9.999297141782296228e-01 4.832258942004050151e-05 -3.908972924119089587e+00 -4.599751841516451153e-03 -1.028639028942488626e-04 9.999894157919579918e-01 2.100280953288049375e+02
9.999157994042894293e-01 1.213254222916689169e-02 4.603857423869992319e-03 -7.259783009650319086e-01 -1.213305066753366489e-02 9.999263884399882674e-01 8.250144353918586332e-05 -3.936839719656836767e+00 -4.602517655284291652e-03 -1.383533377970064260e-04 9.999893987855662525e-01 2.114467883238094998e+02
9.999047642419431892e-01 1.312257021989676579e-02 4.273239646974577935e-03 -7.413072483383726929e-01 -1.312569043408838218e-02 9.999136073545561443e-01 7.029248522482465372e-04 -3.967867292258226097e+00 -4.263646364207078834e-03 -7.589471416764095868e-04 9.999906226127340814e-01 2.129089536992493947e+02
9.999122207784421068e-01 1.259171285637190191e-02 4.123043313381257423e-03 -7.426839221041708905e-01 -1.259376307591058598e-02 9.999205841983964671e-01 4.716486052703736109e-04 -3.999535333130379122e+00 -4.116777086851480284e-03 -5.235318448147128004e-04 9.999913889906479891e-01 2.143918650592912059e+02
9.999094530053667107e-01 1.292164465213058687e-02 3.757242306255262083e-03 -7.425930258226118852e-01 -1.292082065025259782e-02 9.999164930693554831e-01 -2.435301307189769240e-04 -4.026007429017231409e+00 -3.760075426880407634e-03 1.949614220087460964e-04 9.999929118837558306e-01 2.158501247104533434e+02
9.999135517577333321e-01 1.270540649772116878e-02 3.385503904604722069e-03 -7.308623300161961600e-01 -1.270323863794498714e-02 9.999190920746509059e-01 -6.611033776791367875e-04 -4.052908957811564683e+00 -3.393629638270218799e-03 6.180393623354957233e-04 9.999940506325704082e-01 2.173033387188658025e+02
9.999182715175197744e-01 1.246298934490188901e-02 2.850291482626184265e-03 -7.436877872571761028e-01 -1.246073933381936644e-02 9.999220372766141063e-01 -8.058339380415929093e-04 -4.080675330795780376e+00 -2.860112417415307771e-03 7.702513402331667355e-04 9.999956132232806771e-01 2.187834514987332284e+02
9.999129573077935040e-01 1.295380168926189846e-02 2.505355832780716257e-03 -7.561059780188544854e-01 -1.295119664381842034e-02 9.999155750054949943e-01 -1.053277019860366856e-03 -4.110510554913004100e+00 -2.518788305628553818e-03 1.020737986347682209e-03 9.999963068910839858e-01 2.202459698498173566e+02
9.999071252454524439e-01 1.339182586515781821e-02 2.529794570830974209e-03 -7.564854648173821028e-01 -1.338866679554783813e-02 9.999095718772388341e-01 -1.261624436531849115e-03 -4.141493230919196300e+00 -2.546461307592080576e-03 1.227636691128778171e-03 9.999960042116471381e-01 2.217306228501808505e+02
9.998980585605131699e-01 1.414056410281671304e-02 1.979118158998652982e-03 -7.644043575897362386e-01 -1.413804272381508943e-02 9.998992306714864498e-01 -1.282294261280493564e-03 -4.174723698870247190e+00 -1.997051125948085416e-03 1.254182688705796772e-03 9.999972194009357773e-01 2.232246743693218605e+02
9.998953979041592666e-01 1.434336312688626498e-02 1.860418939181271349e-03 -7.733503726262278555e-01 -1.434078054182674929e-02 9.998961936984583909e-01 -1.394227131774643767e-03 -4.204342101895753636e+00 -1.880223757262637890e-03 1.367401437197218392e-03 9.999972974808918336e-01 2.247135795092322041e+02
9.998906843740447137e-01 1.472819218664113243e-02 1.303698470301585706e-03 -7.679672757476293521e-01 -1.472648245359360793e-02 9.998906992962997009e-01 -1.311565704866995280e-03 -4.230610165977019221e+00 -1.322872992482954221e-03 1.292223440341094647e-03 9.999982900803107144e-01 2.261968652952092498e+02
9.998992609641440543e-01 1.412644046168013215e-02 1.382598056455902526e-03 -7.895327838118634256e-01 -1.412464078572406821e-02 9.998993933524262800e-01 -1.302967445509394494e-03 -4.270470162204369480e+00 -1.400865276802841335e-03 1.283307488088141109e-03 9.999981953464629481e-01 2.276846847637718270e+02
9.999104971394550123e-01 1.330008358568231068e-02 1.451021327178423281e-03 -7.980362330234376245e-01 -1.329744301857017398e-02 9.999099385909003823e-01 -1.814591616897929388e-03 -4.298758838664156201e+00 -1.475024894870642991e-03 1.795134340856156113e-03 9.999973008922976581e-01 2.291830780886422758e+02
9.999167327218657642e-01 1.283537224146530722e-02 1.334473305628772590e-03 -8.040055453624281867e-01 -1.283326836849293419e-02 9.999164123016490713e-01 -1.573422448406741093e-03 -4.329618178526227545e+00 -1.354557249082132030e-03 1.556165786275088420e-03 9.999978717580018106e-01 2.306696089559409302e+02
9.999412061529717732e-01 1.071659635825480267e-02 1.654926386288109712e-03 -8.067187759362913768e-01 -1.071537340663322561e-02 9.999423103730670226e-01 -7.461363499800654359e-04 -4.365294412674241897e+00 -1.662826986846114435e-03 7.283593282662237031e-04 9.999983522469760855e-01 2.321639960860299254e+02
9.999480268217285639e-01 1.004852475235018354e-02 1.723597570266971989e-03 -8.097714794448249709e-01 -1.004788984428016223e-02 9.999494477450057150e-01 -3.766744370731541641e-04 -4.389728307383101935e+00 -1.727295492189803239e-03 3.593363394236064393e-04 9.999984436614042238e-01 2.336428519330289646e+02
9.999478817568884237e-01 1.010666490890474618e-02 1.445363895314861601e-03 -8.135679002564122353e-01 -1.010579767787439347e-02 9.999487514351010908e-01 -6.061157795768136458e-04 -4.424542301040805370e+00 -1.451415658275567039e-03 5.914776344676988401e-04 9.999987717715824731e-01 2.351592004115657062e+02
9.999350947497334108e-01 1.120772720424288889e-02 2.047710867361099505e-03 -8.258884708915603667e-01 -1.120497337677493939e-02 9.999363090787001251e-01 -1.351436174671124049e-03 -4.449509954781535548e+00 -2.062727012829528549e-03 1.328403919857537932e-03 9.999969902440782876e-01 2.366413638212909518e+02
9.999161904275660762e-01 1.275206792225672993e-02 2.235366336726113921e-03 -8.299041281513404034e-01 -1.275066762088311427e-02 9.999185023765997382e-01 -6.396133329549169230e-04 -4.486893322523684446e+00 -2.243340593041262283e-03 6.110573127940301802e-04 9.999972970107260384e-01 2.381434835783531980e+02
9.999280238518635233e-01 1.167412377336582083e-02 2.768019304478183586e-03 -8.360830801941130375e-01 -1.167771492852849244e-02 9.999309878311923860e-01 1.284745653047124521e-03 -4.511800751463746373e+00 -2.752830045319581368e-03 -1.316977340118718337e-03 9.999953437361490671e-01 2.396593486921529177e+02
9.999275704943608734e-01 1.152698133093844023e-02 3.461567401831302637e-03 -8.477525929777962599e-01 -1.153409854998055546e-02 9.999313926815232012e-01 2.043164836722170807e-03 -4.540652669523770335e+00 -3.437778448811174264e-03 -2.082942934916232058e-03 9.999919214793231426e-01 2.411744901088145809e+02
9.999174103758040610e-01 1.226234562564402879e-02 3.848023951193027883e-03 -8.563858556768989549e-01 -1.226532211955424535e-02 9.999244962159111738e-01 7.508424605761178719e-04 -4.566714441254406509e+00 -3.838526388024755646e-03 -7.979777144641571687e-04 9.999923144413505049e-01 2.426897499368964475e+02
9.999068000424129465e-01 1.281558772369794860e-02 4.706582773517512149e-03 -8.564295278437662473e-01 -1.281321408096213268e-02 9.999177647428773019e-01 -5.341551133149239836e-04 -4.598565982270135244e+00 -4.713041321520531832e-03 4.737988771235171481e-04 9.999887813119697766e-01 2.441964035433374818e+02
9.998979095346279822e-01 1.348762898132292894e-02 4.717451911146751040e-03 -8.706350529446581499e-01 -1.348619278176468525e-02 9.999090006776232276e-01 -3.361467494748847720e-04 -4.620436401392429282e+00 -4.721556532220227108e-03 2.724919635786419297e-04 9.999888162603338682e-01 2.457188908642899605e+02
9.999005513578040905e-01 1.336573019949068193e-02 4.499403334448417655e-03 -8.633511252532033442e-01 -1.336920335066172846e-02 9.999103523951203831e-01 7.426983565065351997e-04 -4.656922070369307498e+00 -4.489073346192656681e-03 -8.027779469160006495e-04 9.999896018270757470e-01 2.472346254497823850e+02
9.999021575964779363e-01 1.320878317427630864e-02 4.604699902397095708e-03 -8.794321582231072743e-01 -1.321412471462611073e-02 9.999120494447536478e-01 1.131507320726599271e-03 -4.690517731997480233e+00 -4.589349161314907125e-03 -1.192243706108359232e-03 9.999887581485075172e-01 2.487759728093955403e+02
9.999023394212245286e-01 1.333073908040022064e-02 4.195592329755941027e-03 -8.819020933663249684e-01 -1.333531521176415865e-02 9.999105140127362290e-01 1.064594219980959100e-03 -4.715443515824023102e+00 -4.181025127959545409e-03 -1.120439813108407845e-03 9.999906317752053075e-01 2.502890167219850639e+02
9.998841217764432576e-01 1.464581574261378770e-02 4.152478448129660361e-03 -8.768671466652045998e-01 -1.465095691208198256e-02 9.998919364176627189e-01 1.210362365655720529e-03 -4.740678938640973783e+00 -4.134303044119519432e-03 -1.271059911987473118e-03 9.999906459261517222e-01 2.518344359786471784e+02
9.998585622932294470e-01 1.616277722364182351e-02 4.649732836018445614e-03 -8.793955916497410152e-01 -1.617069119878781006e-02 9.998678520969840333e-01 1.669467204355450096e-03 -4.776253741308777556e+00 -4.622135237096887568e-03 -1.744420495707833287e-03 9.999877963541571324e-01 2.533669534919953037e+02
9.998514050179707624e-01 1.653287833022027559e-02 4.881781572609130218e-03 -8.836091633313905014e-01 -1.654104284109229883e-02 9.998618478622632866e-01 1.636802862256088280e-03 -4.792571200440927548e+00 -4.854046165580434662e-03 -1.717309422611388789e-03 9.999867444512121617e-01 2.548983252014404570e+02
9.998768772753654499e-01 1.504828608466661326e-02 4.447398361166803905e-03 -8.788588376841517391e-01 -1.505694006430010994e-02 9.998847967815086557e-01 1.918788764906514260e-03 -4.829770231942916325e+00 -4.418011600457698654e-03 -1.985516753709558845e-03 9.999882693768415987e-01 2.563966177266669888e+02
9.998945753953846216e-01 1.377938262234194508e-02 4.578939663883756749e-03 -8.820679969194148429e-01 -1.379250267000991723e-02 9.999008282178095675e-01 2.846159829239921103e-03 -4.855645585548696630e+00 -4.539267314278121364e-03 -2.909014843725296791e-03 9.999854662341528533e-01 2.579465899209549207e+02
9.999327626011210723e-01 1.057019874058372916e-02 4.768769369563104037e-03 -8.766551928759148682e-01 -1.058739611358824016e-02 9.999374877093756275e-01 3.595516175535317608e-03 -4.887885181888767860e+00 -4.730466021929608314e-03 -3.645763309226907316e-03 9.999821653888185669e-01 2.594935128917490488e+02
9.999462036893866923e-01 9.479485747060803144e-03 4.210589564534210870e-03 -8.751927259132173953e-01 -9.491638495314617605e-03 9.999508184547596379e-01 2.875671731319291800e-03 -4.906275079270129957e+00 -4.183122662745669164e-03 -2.915482454373138996e-03 9.999870006364803832e-01 2.610162154314084546e+02
9.999482256675004122e-01 9.195753357085082944e-03 4.357073868021692220e-03 -8.742570064695280863e-01 -9.205129687565954955e-03 9.999553488124277578e-01 2.136816803914256928e-03 -4.940514551810751165e+00 -4.337229753226167807e-03 -2.176813624117769283e-03 9.999882248882897562e-01 2.625299663917062389e+02
9.999647387547198063e-01 7.106712790004996588e-03 4.473910246500176387e-03 -8.734150731701415538e-01 -7.123043589069254222e-03 9.999679878720704185e-01 3.644927129370702148e-03 -4.966220523395284303e+00 -4.447863651213030366e-03 -3.676666497068055862e-03 9.999833491750618197e-01 2.640697994824847683e+02
9.999767344490184673e-01 4.549361995521221044e-03 5.082702451389297174e-03 -8.755073739556703538e-01 -4.575918291030441065e-03 9.999758773959902536e-01 5.225476549240733355e-03 -4.984009438686568316e+00 -5.058807342169517780e-03 -5.248613053516900176e-03 9.999734299089836354e-01 2.656159441245081894e+02
9.999786267391148620e-01 3.877158963126176375e-03 5.264380584678977903e-03 -8.818658687387953554e-01 -3.903273471196766140e-03 9.999800841131117890e-01 4.959419259615962909e-03 -5.016802580432726977e+00 -5.245047369660409131e-03 -4.979861621370073807e-03 9.999738448832851123e-01 2.671465313649211453e+02
9.999781154283730045e-01 3.862943773614988668e-03 5.370877906871886209e-03 -8.708086361709532763e-01 -3.883781158844485520e-03 9.999849513964248482e-01 3.874691076029106607e-03 -5.039224320082735353e+00 -5.355829458432728729e-03 -3.895465628054274251e-03 9.999780699756616320e-01 2.686618279528219091e+02
9.999730702701975504e-01 4.054553021218336786e-03 6.117134500160366015e-03 -8.727659993547086659e-01 -4.076884814494538892e-03 9.999850549544553324e-01 3.642648036008017381e-03 -5.058213744109936627e+00 -6.102273872401891251e-03 -3.667488824139207831e-03 9.999746555649499102e-01 2.702436312135254184e+02
9.999590128382500609e-01 5.119119873543851937e-03 7.467747659118948063e-03 -8.796443835959054658e-01 -5.145912744951398193e-03 9.999803763867070039e-01 3.573014464464029528e-03 -5.081384256199106275e+00 -7.449310551752766525e-03 -3.611296424488282582e-03 9.999657325637554273e-01 2.717766656013439501e+02
9.999420617344250140e-01 7.299188550669110861e-03 7.911701263532855410e-03 -8.842925557884552257e-01 -7.325854379110437187e-03 9.999675652174032647e-01 3.346697468376355969e-03 -5.116108622967630915e+00 -7.887016607547737979e-03 -3.404463566994074021e-03 9.999631016130686723e-01 2.733411417964663883e+02
9.999148283744170307e-01 9.208165291203709510e-03 9.249090911600362647e-03 -8.885848132674766253e-01 -9.237965338688874581e-03 9.999522586771215638e-01 3.184396317433150440e-03 -5.143901050250383022e+00 -9.219327057673644757e-03 -3.269567906463160308e-03 9.999521558172492774e-01 2.748886507722061765e+02
9.999100254700695745e-01 9.134638766973065399e-03 9.823407431510064805e-03 -8.791874408725876000e-01 -9.163224945982751529e-03 9.999539011982808701e-01 2.868937756312835066e-03 -5.169476334035158160e+00 -9.796748041979844168e-03 -2.958693741559210826e-03 9.999476335527275328e-01 2.764080387518821453e+02
9.998986848017007434e-01 9.277609313420951548e-03 1.079565155563110695e-02 -8.887318238707605511e-01 -9.302888018426973965e-03 9.999540965637917500e-01 2.293699449352257398e-03 -5.195674445677388675e+00 -1.077387613603929956e-02 -2.393897818791639390e-03 9.999390945620778570e-01 2.779785505798719214e+02
9.998976526907970008e-01 8.803813739007912767e-03 1.127727820777841249e-02 -8.708204761448680165e-01 -8.825335627265059463e-03 9.999593259554351299e-01 1.860081271095041788e-03 -5.225437019588434318e+00 -1.126044390027508731e-02 -1.959416675696593578e-03 9.999346794047347942e-01 2.794950755526266448e+02
9.998907279448745467e-01 8.640813494599577232e-03 1.199451998851137728e-02 -8.623877145853761084e-01 -8.666473507037145835e-03 9.999602634213290431e-01 2.088978563737739665e-03 -5.252474484936240806e+00 -1.197599309938239889e-02 -2.192700501602412068e-03 9.999258810731509461e-01 2.810261973505646438e+02
9.998933790745617722e-01 6.701082626322768521e-03 1.297405013904577575e-02 -8.557489311640391616e-01 -6.739827972585068355e-03 9.999729506307050153e-01 2.944951261893119943e-03 -5.280833389663814437e+00 -1.295396505962363720e-02 -3.032080155089288565e-03 9.999114967158508893e-01 2.825887458190274515e+02
9.998929905725403300e-01 6.120808213901013373e-03 1.328695279826674382e-02 -8.457476100552612230e-01 -6.163159686845746596e-03 9.999760498502356931e-01 3.148840981334364436e-03 -5.304290287345136967e+00 -1.326736134938757625e-02 -3.230393659215726083e-03 9.999067664861288618e-01 2.841266672590721214e+02
9.998954612316869328e-01 4.486893757234379845e-03 1.374534103737470522e-02 -8.380031147320575746e-01 -4.504834309278485729e-03 9.999890409731975183e-01 1.274523267928857548e-03 -5.339383015617153561e+00 -1.373947198844835925e-02 -1.336310517445126085e-03 9.999047160444436422e-01 2.856859242589959536e+02
9.999010128419455468e-01 5.386290983847309352e-03 1.299816880171237969e-02 -8.306562201138930623e-01 -5.374128432070284650e-03 9.999850883660935663e-01 -9.704635149817278025e-04 -5.368103054708372568e+00 -1.300320240319671750e-02 9.005136395670758701e-04 9.999150492851656136e-01 2.872221152387894563e+02
9.999140381984320536e-01 4.593816401458514567e-03 1.228059731949137506e-02 -8.081130983795822287e-01 -4.582501438976501959e-03 9.999890496495180692e-01 -9.493526548963893835e-04 -5.396243693938878927e+00 -1.228482420845535689e-02 8.929952082987373599e-04 9.999241399420897292e-01 2.887687004455399347e+02
9.999293026409401541e-01 2.664654668139657123e-03 1.158832794041893613e-02 -7.983479981832785066e-01 -2.653501188910237230e-03 9.999960014665162378e-01 -9.777461775603117633e-04 -5.427566071848249685e+00 -1.159088716186629058e-02 9.469274290833289490e-04 9.999323750379944808e-01 2.903284344351358754e+02
9.999392474881414472e-01 2.992036749320425154e-03 1.060891400061068392e-02 -7.863340431764926919e-01 -2.976933502043864130e-03 9.999945333512542112e-01 -1.439145719515560161e-03 -5.461470344479463002e+00 -1.061316216766370127e-02 1.407476276949476759e-03 9.999426882507463921e-01 2.918817361234022769e+02
9.999406509432544610e-01 3.174214813169691160e-03 1.042204194446134241e-02 -7.805324908493121994e-01 -3.157850384032545588e-03 9.999937558661796677e-01 -1.586258442362531267e-03 -5.488334098203093703e+00 -1.042701217519153949e-02 1.553253071962911423e-03 9.999444308605147658e-01 2.934441289188702626e+02
9.999478775242338635e-01 3.560530423918045750e-03 9.568953079253424837e-03 -7.740328599457131364e-01 -3.545507891883905097e-03 9.999924562769620939e-01 -1.586433086512878399e-03 -5.518018878254776105e+00 -9.574529604579632910e-03 1.552423619663967531e-03 9.999529580693390374e-01 2.950051280076413605e+02
9.999572518024755219e-01 3.027569694277676068e-03 8.736612309752936345e-03 -7.666010896734228863e-01 -3.018671130648126547e-03 9.999949117575447355e-01 -1.031547137542557918e-03 -5.555283043645292018e+00 -8.739691089174831534e-03 1.005130096604552395e-03 9.999613030022803661e-01 2.965423068707141283e+02
9.999638987512046162e-01 3.583606336860539060e-03 7.704476813025064839e-03 -7.580481918367663052e-01 -3.584213271551265137e-03 9.999935745799775066e-01 6.496695988748423661e-05 -5.588353674550528893e+00 -7.704194626200738111e-03 -9.257909877914000107e-05 9.999703179617379645e-01 2.981392445422221158e+02
9.999666196507445148e-01 3.775363747943637910e-03 7.246117235627039417e-03 -7.600627708489828827e-01 -3.784893895198477090e-03 9.999919897352349540e-01 1.301941009204821836e-03 -5.613703428014715335e+00 -7.241144015964992922e-03 -1.329323343014768809e-03 9.999728989946714552e-01 2.997173410978380161e+02
9.999582665885397015e-01 4.435885566463734081e-03 7.986739148059749868e-03 -7.560431507027500775e-01 -4.447663140017696359e-03 9.999890469672387816e-01 1.457479400233889673e-03 -5.647094449581211428e+00 -7.980186594465983607e-03 -1.492940909414127229e-03 9.999670433267128233e-01 3.012975933125754864e+02
9.999454175207707074e-01 5.643907817467701260e-03 8.792512954481485760e-03 -7.529044726565722323e-01 -5.655526564517428592e-03 9.999831661022530183e-01 1.297128296695282748e-03 -5.671745876404355791e+00 -8.785044221134109821e-03 -1.346783795010048079e-03 9.999605038003853696e-01 3.028706333987256585e+02
9.999444368412481188e-01 4.998467544291141165e-03 9.281085848484159351e-03 -7.560770932754752316e-01 -5.010828135063285366e-03 9.999865889430034072e-01 1.309024336423594490e-03 -5.702149222111895455e+00 -9.274418423503206013e-03 -1.355457536373158578e-03 9.999560729784671143e-01 3.044553136290081738e+02
9.999518136431305715e-01 2.739277258173971816e-03 9.426916700619738035e-03 -7.460433728352388050e-01 -2.740845284755077590e-03 9.999962321105591023e-01 1.534174370318806130e-04 -5.721665452458202239e+00 -9.426461091481814006e-03 -1.792477594379842873e-04 9.999555538572043600e-01 3.060834799295070638e+02
9.999515589962150175e-01 1.095244444421099306e-03 9.781621066390740887e-03 -7.303027170771837495e-01 -1.080749622283780700e-03 9.999983103955680797e-01 -1.487006579414250004e-03 -5.759083381946799030e+00 -9.783233345891231142e-03 1.476363085906694586e-03 9.999510531445996442e-01 3.076684198687218554e+02
9.999518704301082472e-01 5.298790515380815552e-04 9.796737346177723446e-03 -7.341011211155616945e-01 -5.035260805192343092e-04 9.999962491307696766e-01 -2.692245775067673465e-03 -5.786199271036298164e+00 -9.798127336730272363e-03 2.687183319074424974e-03 9.999483865350030642e-01 3.092739161598897795e+02
9.999702339526866934e-01 1.297869322117622612e-03 7.605705167371213174e-03 -7.312647303912414021e-01 -1.273592717571003091e-03 9.999940821714073946e-01 -3.195870258411865651e-03 -5.821774449869754342e+00 -7.609808114925603779e-03 3.186088594688404538e-03 9.999659692458063853e-01 3.108763630314100510e+02
9.999812755431382039e-01 2.461152434165080061e-03 5.602793457914798103e-03 -7.178044837600305872e-01 -2.445511874089459706e-03 9.999930989211052168e-01 -2.796710020448316646e-03 -5.860645259751747105e+00 -5.609638022232793855e-03 2.782955984683666353e-03 9.999803933625042163e-01 3.124959798437715222e+02
9.999784821414304803e-01 3.574216706212919592e-03 5.500929879264765919e-03 -7.337719636389991029e-01 -3.573473763488141386e-03 9.999936046295845316e-01 -1.448859530533575662e-04 -5.889087361227484330e+00 -5.501412648318292943e-03 1.252254105518907368e-04 9.999848592705007366e-01 3.140993897192979034e+02
9.999806329212936884e-01 2.164036774954868764e-03 5.835300397146469219e-03 -7.184568045490831167e-01 -2.181732571804555557e-03 9.999930359662392299e-01 3.027881330899739095e-03 -5.919451498801660883e+00 -5.828707411708675644e-03 -3.040553778696308482e-03 9.999783903643731930e-01 3.157296993941499750e+02
9.999798707790453767e-01 1.328480723663618551e-03 6.204287329105702929e-03 -7.135704605666698397e-01 -1.351428091381712965e-03 9.999922569437921238e-01 3.695902620483191778e-03 -5.947269870611876286e+00 -6.199329457632267969e-03 -3.704212902265702819e-03 9.999739232169374548e-01 3.173556936141515621e+02
9.999809197068501021e-01 6.047586931101269631e-04 6.147722832135219667e-03 -7.107075312416250013e-01 -6.219929992278896980e-04 9.999958814052321010e-01 2.801838284405907750e-03 -5.975348487803999298e+00 -6.146003179986665038e-03 -2.805608685594606494e-03 9.999771773382976070e-01 3.189888136642896370e+02
9.999771684057282561e-01 9.084767332402654549e-05 6.756805642556788435e-03 -7.086892545572451851e-01 -1.084515010276992236e-04 9.999966010305743058e-01 2.605026902015487780e-03 -5.997881508117314020e+00 -6.756546130339902492e-03 -2.605700228570548629e-03 9.999737793575329547e-01 3.206147899191385591e+02
9.999771418900614828e-01 -2.654400192772157080e-04 6.756126713418828672e-03 -7.075595962017249274e-01 2.455875608326704707e-04 9.999956506838094672e-01 2.939098341944602639e-03 -6.023736586846347052e+00 -6.756877597462219130e-03 -2.937371959587459658e-03 9.999728578531852374e-01 3.222472224678491557e+02
9.999735624380929888e-01 -2.644520589178567943e-04 7.266670472559360813e-03 -6.984152407582973066e-01 2.429671586501895228e-04 9.999955974833139027e-01 2.957360275477237399e-03 -6.055276207945520461e+00 -7.267420684012843891e-03 -2.955516548055118261e-03 9.999692242813813525e-01 3.238543147085016471e+02
9.999696865617853092e-01 8.141836011610701501e-04 7.743582563047455604e-03 -7.010483918128318503e-01 -8.330644311252514977e-04 9.999966875527612764e-01 2.435341482422652762e-03 -6.084125716049198829e+00 -7.741574229615568944e-03 -2.441718577898794630e-03 9.999670524719971310e-01 3.254930394239918883e+02
9.999643678335208286e-01 1.217074638224624472e-03 8.353550196635309982e-03 -7.008975759692176455e-01 -1.231222595010692325e-03 9.999978161712774760e-01 1.688711196058048127e-03 -6.112981339309029316e+00 -8.351476809507636309e-03 -1.698936112108570540e-03 9.999636825610344060e-01 3.271066712576264877e+02
9.999578987083340698e-01 5.333490691355538549e-04 9.160587317625132342e-03 -6.945998692589052670e-01 -5.608603917386847243e-04 9.999953399461105619e-01 3.000920193476084782e-03 -6.149695790229738002e+00 -9.158944246670019940e-03 -3.005931680973876561e-03 9.999535379727756412e-01 3.287551079985867659e+02
9.999606639765858951e-01 -4.632414073993465498e-04 8.857534580208267089e-03 -6.833514967076639302e-01 4.279114514450354373e-04 9.999919476867799029e-01 3.990169371876515700e-03 -6.178231458442732915e+00 -8.859311817911557849e-03 -3.986222202112182228e-03 9.999528101948140790e-01 3.303642428822637385e+02
9.999602597143764093e-01 -8.393983782362174004e-04 8.875495195618105654e-03 -6.648178232296814150e-01 8.096097480758219708e-04 9.999940296665043027e-01 3.359339384887046528e-03 -6.208102270911395770e+00 -8.878262180526915945e-03 -3.352020218350537130e-03 9.999549691914935146e-01 3.319786699155448559e+02
9.999576610595856119e-01 -2.498589732736009733e-04 9.198568945793692345e-03 -6.650137028829837815e-01 2.194168013078933582e-04 9.999944968452513239e-01 3.310307278482173265e-03 -6.243457533469798371e+00 -9.199345590828918173e-03 -3.308148824717700720e-03 9.999522129488698230e-01 3.335934399185093184e+02
9.999612087599307753e-01 1.343589694842746776e-03 8.704926795678203863e-03 -6.613829573854700383e-01 -1.354643701343522313e-03 9.999982835164640260e-01 1.264083385870773749e-03 -6.251420401269813354e+00 -8.703213594061388197e-03 -1.275826429375856788e-03 9.999613124163410083e-01 3.352193711256471715e+02
9.999576558656372294e-01 3.216721168897117289e-03 8.622017478471081381e-03 -6.696403317065936500e-01 -3.206632985382106699e-03 9.999941582590322620e-01 -1.183621124183448399e-03 -6.306817774279275923e+00 -8.625774640762735521e-03 1.155923375473948481e-03 9.999621292038815001e-01 3.368279965351169380e+02
9.999635888367400804e-01 4.237931661516803478e-03 7.406816957095435985e-03 -6.621104674951994173e-01 -4.231216197819570937e-03 9.999906232307997911e-01 -9.220998485565115241e-04 -6.338070704135684075e+00 -7.410655430803748944e-03 8.907264420145695819e-04 9.999721440034555764e-01 3.384231721299266269e+02
9.999697552561963576e-01 4.349997358539312367e-03 6.447177364416964603e-03 -6.559909622167919840e-01 -4.363743792797834115e-03 9.999882323963440456e-01 2.119626541529297421e-03 -6.371234043563405613e+00 -6.437881236670571494e-03 -2.147696281008111899e-03 9.999769702738223742e-01 3.400552279428848124e+02
9.999655604569324119e-01 5.731883913168306713e-03 6.001949998359029474e-03 -6.718235597467879794e-01 -5.761471737492347353e-03 9.999712791137732593e-01 4.924063425076446489e-03 -6.391900584419192732e+00 -5.973553556549320888e-03 -4.958473951936949106e-03 9.999698646396394386e-01 3.416574301933014226e+02
9.999707481569062306e-01 6.345828977503504761e-03 4.270044345275923921e-03 -6.694650333109228857e-01 -6.363411234653393311e-03 9.999712796470552334e-01 4.116659997476667179e-03 -6.424648393058818741e+00 -4.243798158101120752e-03 -4.143711664357632718e-03 9.999824097583843718e-01 3.432630048278746813e+02
9.999759129248176892e-01 6.231823554124124240e-03 3.055803927957542569e-03 -6.740637394366579827e-01 -6.240277066103316200e-03 9.999767074887842000e-01 2.764675969480428520e-03 -6.456630010510462370e+00 -3.038503828465616112e-03 -2.783678466842546759e-03 9.999915092765596647e-01 3.448729116132281547e+02
9.999856849616226562e-01 5.276467293618827131e-03 8.881193479335184075e-04 -6.735217853313956171e-01 -5.279610637004619744e-03 9.999796725194390890e-01 3.574950144658610527e-03 -6.473653101462246262e+00 -8.692381994791380023e-04 -3.579587929267419484e-03 9.999932154644183280e-01 3.464630303641310434e+02
9.999935792843834825e-01 3.580277508386664129e-03 -1.516444119597343244e-04 -6.764613470073226331e-01 -3.579572970662369541e-03 9.999838416804747165e-01 4.416224734360265150e-03 -6.514811330347772156e+00 1.674532783352844511e-04 -4.415653600051507033e-03 9.999902369343558473e-01 3.480551849489035590e+02
9.999942963412528085e-01 3.374111454199900731e-03 -1.505001977112097890e-04 -6.992291377490933435e-01 -3.373530406302333376e-03 9.999874380434549126e-01 3.707162431872136968e-03 -6.537283521801384722e+00 1.630066922544204714e-04 -3.706633607076772943e-03 9.999931171249418771e-01 3.496480007910813583e+02
9.999953050593169968e-01 2.942351777608908855e-03 -8.558145892184261007e-04 -7.034152495297251173e-01 -2.939716614501632075e-03 9.999909840783124393e-01 3.064283453110704884e-03 -6.570062052401224761e+00 8.648230906240990693e-04 -3.061753245121088748e-03 9.999949388622176860e-01 3.512520456899413261e+02
9.999959215804676838e-01 2.829447121643536081e-03 -3.886458124173518334e-04 -7.141518497840503299e-01 -2.828372416735299918e-03 9.999922502449167805e-01 2.738569740359325221e-03 -6.591215394398751926e+00 3.963914478756505816e-04 -2.737459363740385714e-03 9.999961745883121367e-01 3.528500230108260780e+02
9.999969552193002098e-01 2.284918805970943129e-03 -9.320367937356848365e-04 -7.183579902408078199e-01 -2.282493935917539671e-03 9.999940293118496637e-01 2.594526109680288500e-03 -6.622678653645721170e+00 9.379595287338213022e-04 -2.592390867885883791e-03 9.999961998645066075e-01 3.544466156093439508e+02
9.999981724846043196e-01 1.615183376625703784e-03 -1.022841946264714183e-03 -7.316855822074811444e-01 -1.612902580288852819e-03 9.999962199792415962e-01 2.226785795993817957e-03 -6.661115378524455011e+00 1.026434766962799157e-03 -2.225132004628592973e-03 9.999969976060971710e-01 3.560380136397520232e+02
9.999984650952078447e-01 1.656723802164628695e-03 -5.701487328797247116e-04 -7.445677107559394159e-01 -1.655814802607803379e-03 9.999973632773284660e-01 1.591137471995513267e-03 -6.692990070822280479e+00 5.727833160928648762e-04 -1.590190985347756519e-03 9.999985716055160845e-01 3.576204960004949953e+02
9.999987811130141013e-01 1.204171266077377553e-03 -9.938512943802888314e-04 -7.489838202533514178e-01 -1.202456152004465623e-03 9.999977900451330060e-01 1.724530630735607133e-03 -6.721681571290649693e+00 9.959257469585962568e-04 -1.723333483730245599e-03 9.999980191257474837e-01 3.592111295254083529e+02
9.999991979772497874e-01 1.202324659784939631e-03 -3.980671689991877949e-04 -7.618372532565300670e-01 -1.202010095206486676e-03 9.999989658907444401e-01 7.895512873962208522e-04 -6.740923395733079637e+00 3.990160618500741916e-04 -7.890721818680276195e-04 9.999996090759283307e-01 3.608143425018154176e+02
9.999996079476777266e-01 2.678353483301088023e-04 -8.440183784505394431e-04 -7.774050244690509093e-01 -2.676840182086696190e-04 9.999999480793581030e-01 1.794073721398219134e-04 -6.786669037594344367e+00 8.440664010171447084e-04 -1.791813741875555518e-04 9.999996277235215780e-01 3.623970733231449799e+02
9.999987170297734984e-01 -1.415434727794871381e-03 -7.499899185634675359e-04 -7.761349967542712225e-01 1.416108205954709140e-03 9.999985939367345145e-01 8.981978091584918306e-04 -6.807032538892178408e+00 7.487175376040998897e-04 -8.992587316393220453e-04 9.999993153782862354e-01 3.639913172554211087e+02
9.999914201628479216e-01 -4.117746799138375519e-03 -4.514076126298186974e-04 -7.860121213672625062e-01 4.118732481146768210e-03 9.999890874823688103e-01 2.204756437462925683e-03 -6.849409598996537341e+00 4.423240680110593110e-04 -2.206596766007216763e-03 9.999974676374269178e-01 3.655694842140343326e+02
9.999912946851748918e-01 -4.091986903322591788e-03 -8.162127959561104543e-04 -7.899401988975252031e-01 4.093300256748026722e-03 9.999903200396135228e-01 1.613912106275179094e-03 -6.878433503480505529e+00 8.096008037967144643e-04 -1.617239073449792605e-03 9.999983645415788658e-01 3.671713418528518105e+02
9.999963978296726452e-01 -2.683974194654403268e-03 2.480210563680823100e-05 -8.123723879650168733e-01 2.683949646357040517e-03 9.999959539194410718e-01 9.426313872118834147e-04 -6.903788512633928676e+00 -2.733200292039496618e-05 -9.425614308437900782e-04 9.999995554154403887e-01 3.687888189544015063e+02
9.999988448101260197e-01 -1.519991460589569139e-03 -2.676431321399087957e-06 -8.137589241664305861e-01 1.519993771432700570e-03 9.999977460206179725e-01 1.482420148159086480e-03 -6.929023740019330191e+00 4.231608614513489557e-07 -1.482422516399081215e-03 9.999989012112144859e-01 3.703729715944339773e+02
9.999993323313971505e-01 -4.110386964408197993e-04 1.079993613610051237e-03 -8.214990520956904074e-01 4.087300354698704744e-04 9.999976330437777561e-01 2.137017864824974391e-03 -6.961457228036294076e+00 -1.080869471046737784e-03 -2.136575030525202958e-03 9.999971333795486528e-01 3.719804676268441881e+02
9.999996206924220976e-01 3.916883877814678061e-05 8.701045627887499722e-04 -8.362223906171432075e-01 -4.099571098548082659e-05 9.999977948219473944e-01 2.099683354158849574e-03 -6.989758289336031716e+00 -8.700204150219307707e-04 -2.099718246808654661e-03 9.999974171201803097e-01 3.735586563565586857e+02
9.999994967549866720e-01 2.189948092322976242e-04 9.790464746463167344e-04 -8.369840376909426505e-01 -2.204867009397808164e-04 9.999988144466097628e-01 1.523972130852176490e-03 -7.024527108175683487e+00 -9.787115875084452694e-04 -1.524187243904633234e-03 9.999983594865820002e-01 3.751821703878526932e+02
9.999986870393835492e-01 4.478135368854354453e-04 1.557364395252648203e-03 -8.373977612486848132e-01 -4.495425357013554946e-04 9.999992828685885238e-01 1.110033515419618297e-03 -7.048114654027496151e+00 -1.556866216360090283e-03 -1.110732168610864545e-03 9.999981712181934546e-01 3.767872072351329393e+02
9.999985301312248609e-01 7.273766255467446762e-04 1.552629840729780747e-03 -8.516219118694341450e-01 -7.289936911729581054e-04 9.999991922503131958e-01 1.041185882874732550e-03 -7.078848436836234548e+00 -1.551871278302479609e-03 -1.042316218481156506e-03 9.999982526337358735e-01 3.783780091727750801e+02
9.999955257346719861e-01 1.884178353559768510e-03 2.323441891170422487e-03 -8.582136474751482780e-01 -1.887069498410482923e-03 9.999974472479102872e-01 1.242766918137458605e-03 -7.108021620861306289e+00 -2.321094404707083926e-03 -1.247145864630174600e-03 9.999965285665055603e-01 3.799972177416542536e+02
9.999938966209425129e-01 2.746674020313305889e-03 2.159282403022974584e-03 -8.723946176597069391e-01 -2.750044247130586927e-03 9.999950027818450549e-01 1.559382175797169139e-03 -7.136097604432662500e+00 -2.154988534260444521e-03 -1.565310794768211625e-03 9.999964529056754037e-01 3.816058861390070547e+02
9.999901927321862560e-01 3.648469111700089820e-03 2.510599358880252416e-03 -8.810849803163349758e-01 -3.651606748813642986e-03 9.999925562307230287e-01 1.246297668701803509e-03 -7.167109747649914375e+00 -2.506033634619861828e-03 -1.255453179271229062e-03 9.999960718070840526e-01 3.832191841972476709e+02
9.999837985572933574e-01 4.766105415418716434e-03 3.112371650548206511e-03 -8.849439280762888549e-01 -4.768654513547196730e-03 9.999883001481942868e-01 8.121020145318742778e-04 -7.202837284032393761e+00 -3.108464726003462228e-03 -8.269306904980554609e-04 9.999948268009479779e-01 3.848525545002659101e+02
9.999769135996864344e-01 6.052161246341898615e-03 3.089272497809387574e-03 -8.873161939787513885e-01 -6.054765065502162869e-03 9.999813218072403087e-01 8.341870046598212629e-04 -7.237519991080159087e+00 -3.084166214757760784e-03 -8.528725747181135561e-04 9.999948802484670551e-01 3.864606212640628087e+02
9.999702278148626666e-01 6.793726673325180265e-03 3.659064598279126827e-03 -8.967031565955281280e-01 -6.799361785835206229e-03 9.999757139144961338e-01 1.529795116462454724e-03 -7.260538222197430613e+00 -3.648582786472480931e-03 -1.554628890804756088e-03 9.999921354531284834e-01 3.880707242706077409e+02
9.999623110226532052e-01 7.843995502323512087e-03 3.721324866157512280e-03 -9.069392975655266032e-01 -7.851190435919329358e-03 9.999673303681136938e-01 1.922763577719960489e-03 -7.289022147320029177e+00 -3.706121206159262993e-03 -1.951907960945722421e-03 9.999912273197114621e-01 3.896931331863866035e+02
9.999484668684481825e-01 9.252157971318177368e-03 4.178656249995663270e-03 -9.131449548016530304e-01 -9.259287701041814603e-03 9.999557036101214269e-01 1.690096530463984677e-03 -7.323998777657561021e+00 -4.162834181947405732e-03 -1.728700833455983597e-03 9.999898411483156835e-01 3.913185774356818456e+02
9.999446528957409708e-01 9.367053067333395988e-03 4.790558456421335938e-03 -9.163689627136155647e-01 -9.376543343296161667e-03 9.999541136402829711e-01 1.962413411534973291e-03 -7.347314802352950203e+00 -4.771956686292793369e-03 -2.007223697253633123e-03 9.999865996484894604e-01 3.929394665141189762e+02
